11316
51560
5870
8615
381
10567
10282
10652
1315
377
83548
11014
26286
372
57410
740
23423
9382
10972
378
64689
55738
9377
22820
9276
10945
55959
83443
1314
139322
10897
79135
6396
2804
11015
5861
26958
51014
2801
84364
375
22818
9554
11079
51226
5691
3688
1211
920
2069
3791
392
10810
26088
3482
7037
4688
23413
8936
55845
7422
7873
972
79090
9950
9570
9527
26003
90196
3998
891
55014
10113
9117
64083
9321
9871
9133
7109
6811
10466
58485
91949
84342
10484
1212
81876
26984
25839
9919
122553
9632
22796
11196
8729
83696
983
22872
4905
10802
23256
6399
57511
10427
51399
93436
126003
27095
5037
5052
23576
10935
9588
712
5829
6714
8517
8773
9342
1522
10228
9482
6810
8675
1950
1956
5682
10226
55275
2896
1509
6272
2861
2720
1508
4074
3002
4232
1362
3976
10053
9026
8546
23431
6642
950
3480
51542
6581
738
112936
55737
3479
9648
5340
23062
8906
55690
8411
1176
161
5329
160
1803
6582
23557
10717
8804
4952
9559
27131
6643
51429
143187
164
5660
6638
10618
925
8907
3481
6293
286451
23163
8677
1213
4804
7038
11108
338
348
4922
6610
83464
114815
7531
839
5286
7157
1952
4915
351
23385
79158
255738
23620
54205
4023
6868
6844
2580
6517
5663
4692
9001
57142
25977
28986
1869
5602
4916
1270
51107
4803
84722
4923
9829
9500
7293
8301
5599
5601
4782
11319
627
4043
4914
3312
7189
8905
116519
5878
55851
10782
51699
30009
3902
3560
2999
4818
3558
969
3458
3820
6402
22914
5552
1236
7277
10038
4853
4001
2033
10578
939
3001
843
9437
1234
9794
3600
7846
84790
3308
1493
3575
836
84868
112714
637
940
113457
84823
942
3916
51807
5133
10376
259197
3516
10219
841
142
356
2214
4000
4170
840
914
2833
50943
1676
79861
5272
29126
3824
143
10039
1385
8320
2260
5551
7124
6464
7072
5788
3586
10046
55534
2215
84441
3684
1991
6352
4684
6351
5045
3593
6814
3133
55770
662
8674
60561
400
9609
79571
339122
23265
2803
11311
10244
2800
9827
84084
57589
11336
10139
9567
952
525
2056
3658
30061
8766
6845
8673
5868
523
2495
526
245972
1173
213
4218
11337
48
947
23621
55814
2993
5867
10133
164656
928
1785
55240
4891
7018
3077
7036
9843
9774
567
57817
163
7057
154881
2629
144165
1510
967
1457
4037
6653
403
1459
382
27342
55297
7316
9135
11276
1472
9476
1475
4864
1476
598
2
114548
3117
1514
302
80781
3240
3123
6281
1520
331
4318
5476
3118
3119
3127
1306
51284
2813
5641
3122
1471
3120
3113
3115
834
8772
1601
10460
9146
355
7430
4919
10617
3949
10193
1512
7392
1075
54982
4316
7879
1513
1200
5469
8722
7173
6667
51150
183
7391
8202
1203
10159
8648
4924
5538
10499
2099
3920
1201
338382
3485
5156
999
5159
2324
2247
2065
2064
3487
3484
2321
3815
3816
3489
2990
4233
4312
5069
8788
7010
3486
2263
26085
5564
9341
112755
6804
8723
6616
8775
203062
10815
10791
53407
116841
415117
8774
6809
79716
10814
8676
8417
23673
22836
51272
2054
6843
9367
10490
63908
359
7040
5054
8074
1215
1401
3827
5741
1636
4846
6340
3952
1585
9622
6524
6338
4306
186
4879
4878
1906
551
5973
6557
3630
5443
3569
59272
4311
185
7421
128866
7251
5565
25978
79720
51422
92421
51271
55048
79643
137492
155382
5571
29082
93343
57104
89853
51160
91782
3267
51099
53632
2670
27243
23607
163882
81567
2288
3337
10294
4137
10963
9531
3303
2289
3565
684
1386
4775
3605
2634
3725
2308
1026
4772
7431
55646
100
1639
10540
10598
11140
10392
6500
7372
10131
23239
81570
7184
26973
3320
79598
27101
25911
55631
7268
3326
26548
3301
55664
3329
79738
55466
100885848
23035
10728
80273
3082
1845
8743
80895
152831
3685
5588
10000
5921
6777
9965
6356
1051
2250
5319
2688
10458
2689
682
1978
2066
1399
5321
50848
3570
3897
5728
6385
2022
10253
3559
6382
3572
11200
5573
10018
6387
2309
5777
4086
4067
4090
7525
5608
4842
10671
4869
5905
7132
7186
6727
22948
8607
1984
3689
1981
5754
5797
329
7178
1080
23170
10273
8721
3336
3315
6737
116835
23640
1387
9093
26353
6782
6285
22824
3313
3316
8988
5481
3310
57805
10808
3309
91582
6672
3064
259217
9532
11080
3304
3305
51182
27000
3306
3281
573
3297
1410
8550
5611
10525
2242
4217
25
10910
11315
3627
219285
23586
5327
5624
3596
5328
5271
5269
1329
23186
7704
3190
10397
4282
8797
1839
2322
4035
8578
27306
558
613
10726
6794
5034
5979
1969
405
7048
54583
11022
3654
5268
685
7450
3553
3606
2149
177
5320
4192
10126
2908
55860
57180
1783
11258
55567
79848
1770
829
1767
51143
636
10120
7802
84516
56171
201625
124152
5241
1769
11030
1778
23299
83658
60
25782
830
10121
367
1768
8632
1781
5048
127602
196385
64446
832
25981
22930
51164
83544
71
146754
8701
22931
6249
27019
2354
5536
11035
5894
3845
1022
1019
10574
1021
55749
1017
908
10694
7203
7248
120892
10576
197259
6950
56984
8624
9542
4893
10451
1147
10718
1025
65018
208
8065
10575
145957
3611
3084
100529145
2081
3265
1018
23221
3551
207
10016
136319
8993
2023
22933
6647
4973
958
165721
51499
126393
4683
83547
2281
84335
974
9183
5411
653857
3832
10403
3797
1062
3799
54984
1780
93661
81565
11076
22920
9184
65108
6103
8655
81929
7514
3796
11127
3798
3831
9793
140735
10284
9817
5603
6300
5594
81027
5516
2931
2597
23435
3375
5300
2521
84630
347733
5613
5595
10382
7416
808
6853
4131
7532
5566
84446
274
8851
84617
818
1453
2932
10013
3932
6622
203068
817
2810
10383
5562
309
2534
801
7415
4133
5664
6446
5654
5567
5563
7529
5252
79180
5568
5621
7280
10971
9024
8878
816
7534
815
1859
2011
5528
5515
1020
347688
6625
322
26574
1656
4747
203228
4139
5730
1622
3852
81
8312
1000
7031
5617
2237
9166
174
7033
7296
57658
5684
8882
4820
9615
9360
90
1400
374407
56893
5710
29979
3945
25822
134430
5019
51248
540
8930
6341
1318
10063
1356
1353
150684
538
2109
8569
1317
6649
29114
2286
7332
8992
9973
9997
2108
8086
23411
6767
57122
7265
9631
1843
79902
4189
23225
7097
55746
10049
53371
5925
10469
6233
5903
23165
9131
9530
2176
6271
129401
7314
65003
9688
26986
3184
4928
3300
9529
348995
10762
8021
80331
7175
3459
55706
7319
23511
7099
23279
1854
3717
134218
9883
8480
5465
7311
7266
51726
9972
79023
317
4927
23636
100101267
10084
10752
5346
7494
22924
9479
23162
57835
9493
81930
23332
57679
585
84643
2697
93594
56992
79582
58533
9859
11004
11064
24137
22919
9371
51199
4926
10112
54820
3800
64837
4957
100652824
145508
80323
90060
1179
6532
597
3291
79892
2475
1831
26523
1394
7113
4204
5055
7187
5972
3290
56729
6595
1392
822
28988
6286
6275
4854
8829
6895
4851
8575
2332
5435
84766
4811
30
216
2940
2938
6817
2950
2053
5948
10988
1890
7172
6822
127
56603
124
50
1577
1592
79923
9429
157506
8854
79799
5959
53630
5460
1559
4072
340665
128
1548
54578
54576
125
195814
29785
1579
6657
1555
10901
220
1576
1544
1558
284541
54579
54658
316
1543
51109
130
8608
10170
960
131
126
8842
145226
8630
9249
1551
100133941
2674
51
267
8824
1066
6907
2168
1312
4726
8192
51540
26589
3554
27429
2519
2717
2645
2799
2581
3074
3938
6476
3073
2588
92579
130589
231
3099
3101
327
3906
2548
9331
8704
84002
129807
2595
2583
80201
57016
7357
2517
57818
4758
8869
57704
2683
427
23761
6483
4668
95
53947
57703
8705
4125
3098
6482
8972
5756
6430
127550
1118
5226
8790
5236
55276
9957
64132
11285
1634
7414
7448
2251
135152
7035
63923
1463
9394
6386
9956
64131
23495
3340
26035
4036
2817
64579
1462
3371
26229
1009
29967
9955
7070
11096
8324
221914
9348
7804
84309
6383
2147
8509
1464
3909
633
9951
63827
5747
9672
2335
5879
84870
5802
26020
9953
7052
7143
462
8038
9653
60495
2239
3339
266722
10082
2262
2131
126792
10457
10568
10675
284217
10755
2719
87
5580
2132
10855
7852
387
7148
5578
64711
222537
90161
27087
3690
50846
7471
3549
6469
5727
375790
147111
7043
640
4087
6997
6586
2268
7046
80059
9353
1605
3055
7483
22943
3691
973
1277
335
3911
1116
90070
256076
3700
1436
7074
2264
1293
3693
3673
1278
5479
1292
1281
3576
1287
1294
2261
9070
5764
921
5079
4763
131873
6693
1284
1291
1380
639
1301
1289
1302
1290
1282
8573
6354
1280
1288
2919
1285
1286
604
3655
146433
930
28389
181
2668
350
2158
6403
26998
259
2811
2152
2155
55937
7056
3699
128674
56886
23213
3675
3912
3910
9459
3915
1144
1134
3918
5058
3672
5651
3678
8492
5913
1140
1128
5062
285489
9815
5063
10319
1756
58
7402
55624
4593
8874
2017
8516
4038
361
8292
1146
3914
2185
998
3913
3908
3679
10298
5792
7092
22795
4324
6678
7276
4322
2660
29954
4060
2252
8817
4314
43
649
4323
2258
2200
5155
2192
5549
5154
7093
2006
1893
10585
9982
55234
2199
176
64856
9235
4321
2246
6405
8482
50512
8828
10507
57715
56920
6237
5880
10512
10371
396
223117
9723
5881
54910
27289
29984
80031
10505
5364
9826
64218
10500
5314
9037
23365
10509
23654
7869
1942
1945
5008
3929
7076
4313
1445
3191
2217
5296
1440
6347
595
51561
1432
8440
5335
652
14
54567
10894
7428
2549
3552
2034
5290
867
25759
6774
3680
3383
23291
8826
9510
5291
7412
5196
308
1437
1398
51129
1495
7423
5771
9844
285
9475
4691
5600
5787
283
112744
857
5781
1003
1499
10987
26509
5743
7410
3934
64344
6461
768
650
7020
9047
2885
6696
5609
8600
6093
6288
1994
6654
9564
5795
6513
4690
5295
284
3091
5744
5228
5175
7409
6348
8165
4609
389
3636
5365
83933
6867
390
60491
8153
4162
374946
6092
6091
91584
54209
4897
27161
57556
10154
7082
1808
9344
23129
3984
1809
5362
55558
5361
10287
54437
871
170482
10501
7424
7903
8128
2890
5721
5887
5720
5715
51667
11215
11216
2735
10566
3991
2792
84152
109
9368
8622
1390
5576
5577
50940
114
115
107
154
3708
23209
112
196883
7094
51085
995
4221
108
84281
5144
8852
919
51684
2778
3745
3710
572
113
9495
2737
3676
11069
596
4626
5575
2736
9465
3925
111
23432
2782
2802
23433
6242
2895
6755
285761
10369
4179
7855
8678
387119
64072
9463
6690
8745
53616
26047
8525
84687
760
762
5168
10067
9260
51534
200081
5119
311
51742
4149
3621
954
2641
10461
290
1360
51382
64077
6948
26018
2041
1435
9402
10019
27040
374
3566
2051
5020
51738
2869
4852
55824
5745
5420
54862
5898
1015
57554
3937
2767
634
5526
7145
9423
53405
7205
1947
4627
4792
10627
50855
2057
3696
858
8976
29760
1949
4790
4254
1027
2784
59345
1796
5341
196
1948
7408
826
51764
2791
5908
3741
8431
157310
1794
4193
55177
894
5525
1535
949
10681
5310
3674
2775
8503
5605
2769
5338
2906
57731
5582
6801
9855
25791
7535
775
3695
81631
6455
23624
2212
5899
10398
1793
5805
2059
2043
3694
2776
5468
653361
54102
2905
362
2785
824
5584
64866
2151
7098
861
94235
27043
5604
64581
5734
84632
2815
5028
3667
2783
5579
1901
5581
6504
2353
51206
5029
5519
3172
2771
10657
51332
3059
55024
6863
1730
7791
5518
10498
4843
1946
5583
399694
90249
219699
54331
8856
2042
5529
6776
859
10979
2770
155
2100
5170
55715
5606
2035
1739
8898
10533
100506658
9644
3683
6711
8751
660
5294
55503
26191
4478
4628
6772
9846
961
9261
480
6708
6279
2209
2045
5906
2773
2787
7803
55970
1600
860
2902
5770
5900
2889
6709
1759
896
2934
2705
2790
1741
25932
2048
6850
53358
1903
1740
54518
7454
5293
139341
5590
4739
5786
10188
2788
394
220164
285220
2786
2113
3161
3728
28964
23002
23164
4629
2903
2852
64221
30011
2047
1500
1742
864
140885
10587
2812
2814
5970
9590
137970
2909
6295
10746
9048
1630
23533
6503
5783
7867
3702
10672
79872
4615
5817
2886
409
3635
8633
3276
59341
408
60312
10015
5527
1028
89
6452
27071
23022
2793
50807
100423062
9404
917
823
6712
1072
10603
88
3227
4637
10818
8650
6710
11099
83660
3687
103910
79784
2904
28450
2781
10413
342184
2044
5336
5618
695
80725
4582
5534
51510
9525
84313
27183
10254
25930
123
1068
8100
3043
60684
5116
92714
8027
51028
200894
6035
79065
51652
11267
57132
7917
55968
54504
9779
5911
6366
3574
57007
3358
10563
643
729230
5731
3577
1230
7275
147
6373
6363
2829
407
54434
6773
3579
1237
2826
1233
9547
23236
3146
10803
1524
6364
4283
6370
10663
2920
2870
1232
2357
146850
83737
57120
1357
4317
4319
1504
11330
3162
752
55740
5202
1069
199
57506
214
6376
6367
6361
3567
941
3416
10769
3578
6374
3562
3603
3592
3663
5996
6375
4049
1238
414062
388372
835
55437
7249
22863
83667
10542
51719
23216
5289
6009
23417
10325
29904
57600
10891
55004
3156
57521
10645
2997
8408
5494
3953
92335
32
389541
30849
5208
28956
200186
6885
58528
64121
64421
10670
153129
27244
96459
8649
55626
5209
64223
81617
31
9101
5623
2676
581
4902
3563
7137
1438
2675
5652
6741
2203
85363
1889
133
56926
5685
5704
990
5711
5714
5716
5713
5683
51053
7337
4953
6185
4738
2346
5695
5700
5687
9097
5717
5201
5597
5689
5709
5694
5686
27034
7411
84262
3837
5692
10197
6184
134510
161742
993
1938
5707
5708
5705
143471
51686
9491
399473
3921
5718
200734
5699
2107
5693
51377
79184
5688
4998
7417
5690
8668
5698
5696
4855
10537
7161
51371
1933
9255
10471
56061
23198
122706
10213
5701
389362
5719
5706
1967
9861
114803
23194
7336
8665
5204
4947
84954
4946
11047
5702
9020
3568
26266
80227
6478
3178
3659
6775
3430
8260
3145
22897
63967
3875
353
6778
6037
5288
6362
2980
5816
57030
4974
968
6855
6507
793
9611
6506
794
2752
10215
1641
1915
2571
1995
23118
2173
1674
2572
4340
7054
116448
4099
2596
1267
6663
4155
5080
3083
2026
146713
5354
1001
1525
93643
58494
79827
3385
6793
7087
6404
4284
6558
975
6548
6550
6017
10788
10630
57716
55616
5493
55107
5358
57147
55811
51754
9912
55200
94025
5962
83874
4659
10411
9351
3384
4168
51741
1420
10691
79663
10075
800
1616
7041
1415
5596
9343
4745
4753
129531
60490
25793
1506
84254
5644
5646
27290
6691
136541
154754
28514
28992
3855
11187
8717
9191
7133
1832
3856
1361
1358
10136
23436
1056
4814
51009
27248
3732
51141
821
79139
23197
23295
8975
51608
23190
11160
55768
197131
51035
915
11236
10956
55432
55666
6400
7327
3638
258010
8266
7321
6048
84447
550
83590
11124
7326
81502
7322
337867
91319
2821
9709
10613
4287
3880
1114
796
10871
10010
8428
124583
4148
23408
6422
3958
1830
1829
1004
4225
11197
1013
7032
2487
50964
284654
53841
50937
27122
2272
91653
84063
90411
1595
4210
4801
51478
6307
6309
38
6713
91734
7108
9453
4597
3157
4800
1717
6720
2224
6721
39
10654
3158
50814
3422
4047
4802
3159
326625
2584
2222
3930
4598
2167
410
51327
10262
6900
3960
7709
5191
5830
3163
4151
23468
708
11270
7112
10280
23592
8815
11335
25909
2010
1718
6732
23013
10951
23353
25777
57646
5982
4174
23594
6119
4999
6117
3364
83990
11073
580
54962
4173
4175
4171
10926
472
701
2177
5001
7486
5347
81620
699
4176
116028
5883
10868
80010
5426
84126
80174
10524
7874
545
641
50485
1763
11169
9156
1063
51514
259266
8945
991
6118
84515
5983
5810
7158
5888
5984
5932
1111
8317
7465
8318
5985
7153
55388
672
5884
7156
8914
4360
83695
4172
90865
4794
23643
929
84661
11060
2323
7518
2313
7039
11168
6608
81890
79589
4040
89780
4041
7324
7329
8323
57559
8325
7347
57448
8322
55611
189
6470
54704
3712
5313
51024
6648
26291
27242
10083
257629
10522
4648
54825
64787
8857
114787
50624
30851
8506
23136
81609
9211
3736
5803
3737
8825
85445
4650
9144
60412
6860
3134
54536
6857
10890
9515
2923
79058
134957
29091
9218
4641
149371
5872
6812
51552
3107
10590
55763
6453
3105
4644
3106
3135
6813
54212
9847
9066
10640
8767
1846
3727
8807
7474
2122
2355
57630
1844
5130
80824
3726
8061
10892
92170
2535
23542
4088
4089
3716
11221
1847
2316
8915
959
64170
8471
3561
4303
1896
4920
8660
9468
1850
4214
284403
8809
3718
6416
2002
65078
30835
9332
59
9545
283375
253959
7436
8974
5649
5909
23077
65125
3628
3612
4255
54947
8399
4046
9046
3460
4908
4909
3588
759
3594
3956
79735
23268
51400
4012
360
811
167838
9231
252983
55787
1827
6892
8447
11151
1032
2050
22801
1363
26034
279
55971
171177
5216
10094
644150
5782
10552
10096
51411
54509
54874
55909
123720
4643
70
3071
51517
10092
10109
10152
257364
57381
9322
147179
4542
81873
50618
26751
273
10787
722
393
2060
10006
10097
7456
226
133746
3936
81624
9873
9050
10093
10095
81704
89848
8522
23048
26999
9051
23191
10163
375567
7180
7049
2171
25805
94
2658
5860
26470
25814
2208
1272
1856
9620
886
4486
1857
7481
887
81839
23513
57216
1855
10631
885
8646
9168
10468
4092
654
4091
25928
285704
9241
657
91851
659
9350
655
2280
197
658
56963
26585
7473
7475
84327
1455
324
64750
51176
7472
1119
85407
83439
8321
7484
54361
8313
222584
53944
8658
84260
8454
139285
6932
7479
6477
23499
57154
81847
103
6934
7482
23401
10023
80351
56998
122011
4216
1454
81029
9736
28996
85458
80232
865
7511
1452
7478
22881
192111
10297
54778
91355
6789
25816
27121
996
933
84466
51564
9506
5432
6198
10014
6688
397
1962
51185
4436
8574
1958
3204
1959
55509
6615
6662
4654
3169
3050
6599
23135
9043
7528
6598
8850
1374
6601
122953
5371
3394
57332
4209
2206
55294
3087
2960
10538
2207
7832
486
5966
3490
2921
820
116071
8841
149603
2119
9451
6199
5598
5978
23512
84232
2146
8289
6605
4094
842
926
5587
9112
468
4208
10488
467
23373
2624
4205
1108
9586
2114
7150
916
7042
3664
5451
22926
336
2205
3298
6278
4199
2959
9935
5928
3065
2516
1902
6015
23054
688
2625
444
5931
3456
1107
3662
2971
6908
7341
3660
2962
6602
4773
6591
4780
3665
23028
57504
8115
23566
6597
11016
1429
2195
6872
53615
1316
5447
2939
3295
1050
3066
9414
1911
9170
3939
1649
2957
10725
3661
10062
5430
1602
55997
85397
3811
5504
1666
23201
80762
182
3093
57561
3714
7323
5784
154796
11100
154810
23558
54602
2213
115201
10683
3955
23220
3280
9787
9253
1840
102
22938
57534
10959
6487
56983
5986
113878
10320
57690
23462
11317
4242
487
489
7058
23493
9148
54492
4904
26508
192669
192670
23509
388585
27327
4343
23112
5087
142678
23286
6484
488
171558
10402
9978
2648
55759
9759
429
1487
55662
474
157570
57178
92737
441478
8076
6935
55869
4237
7088
256297
7091
648
1024
26960
9612
79718
27255
9734
1029
85476
892
196403
7090
23090
7089
51593
6241
10614
54797
10551
79657
81572
26519
7871
5499
8409
5203
8725
345651
10856
5434
51412
64431
6634
11198
23269
2091
54433
83444
10212
79913
6631
8089
6217
6874
10902
1643
57695
26122
9627
55011
9894
284058
10847
80314
51602
51138
5929
790
11321
23016
8533
10270
55651
120379
8467
10428
7508
6059
55172
9318
6632
1642
10980
10467
26015
55689
10474
741
3054
7015
51773
55167
10943
6879
26168
55164
65123
54556
26121
55135
10933
55505
93973
1058
8481
6157
10920
6944
10445
11091
5094
8295
54617
6045
1736
1810
55257
54680
6594
55929
64769
9675
64708
51230
54107
81887
54881
8451
7403
26747
102157402
6880
10528
1876
57634
29844
2873
7919
57680
8450
54891
125476
9643
86
51562
6878
6635
23049
84148
55355
8314
6165
56655
6156
6224
4297
4798
50813
124944
283899
339287
81611
5886
54799
5976
345630
79871
80185
9326
27257
9141
8935
8631
4068
51744
114836
93978
7462
23645
868
2241
2891
26253
25998
8877
9473
7006
9467
971
128954
1439
4734
2892
9744
4680
51168
55612
3381
9784
1088
4620
84951
4907
23011
3757
3682
2162
683
6722
2515
10863
10099
51295
341640
83700
332
2244
2243
64759
80144
2318
11156
55742
2266
7060
26232
4638
1366
9270
93185
6277
8515
286205
6520
6303
3681
831
977
1834
29780
9221
10636
255743
64098
158326
7045
2317
4651
1101
2201
5977
101
83593
9123
27231
7305
50507
55423
23321
9019
6441
4868
4145
4345
115352
23569
9032
11188
7059
81858
3207
847
7291
10365
7533
6095
5934
6929
80854
6502
1848
23460
5896
901
5105
6097
51547
51548
2290
10110
1456
8543
1647
5292
8473
84676
9314
5081
3651
23410
5077
25942
23678
51701
2492
1052
2274
27113
114907
10370
5901
5897
11183
10454
55512
5971
10135
4353
4055
970
56300
3557
27179
27177
8737
9099
84888
27178
330
8491
59067
7375
1039
3439
115650
8742
5871
4982
64127
81793
8567
51311
8837
55072
10318
80381
79155
7025
117584
51330
29110
9021
6401
55367
6609
9448
8764
10616
383
9034
4326
54106
9755
4215
7096
27005
911
4791
7185
7295
10673
8718
1536
257397
9308
84639
26525
2875
7369
8887
10333
9370
1540
23043
4050
8439
9825
6256
203447
8738
7100
56957
9641
8792
7538
56928
3604
7128
6357
5197
8638
64135
5473
2828
4939
115362
2633
10964
3434
3437
3433
9636
91543
6355
10344
4599
4938
3620
10850
58191
6369
6360
6372
54878
2532
6359
56477
131450
344807
7078
7130
10936
8763
7066
3587
8554
5791
10128
51433
3595
1
9466
3977
27338
3589
3454
58985
9180
4286
29882
53832
149233
8651
50615
64682
3455
11065
51529
8881
27287
3597
3598
4352
1441
246184
10919
1271
10401
8697
51343
64109
51434
79813
29945
7297
25906
50616
3590
9516
119504
10393
56915
54512
51010
51013
23404
9630
22894
5393
167227
11340
8570
5073
118460
5265
54210
29108
3656
11213
54472
3556
5027
7850
9447
838
58484
837
51135
353376
79792
4706
10626
22861
6358
6368
6346
9296
10970
64847
51604
1474
5876
377630
8733
8029
7053
8530
2638
116986
64802
11095
170690
170689
1604
11093
10418
10417
494143
2687
2678
5047
5297
4240
10085
1758
5298
27329
22798
8754
9358
10391
8174
8726
8639
3386
965
11082
5351
5118
9313
5033
23275
283208
1515
2220
5648
8985
79709
2161
651
5352
5167
23127
249
3273
9902
5345
5104
7317
10516
80310
5270
1511
128869
2822
94005
8542
2359
80055
10026
27286
2358
83639
373
440738
10241
482
9194
8140
151473
819
133418
23539
23759
9122
1774
51361
28985
55113
55966
5478
6566
6567
2067
3861
2249
26469
26281
7022
1943
27006
6655
10857
84634
29927
9618
1175
2255
6523
83442
9712
84959
57732
162514
9655
3872
9610
5591
1909
53347
284451
6457
27436
25970
1351
2253
5520
121227
2248
55704
4771
5359
2547
8822
23294
5287
1660
912
5796
8661
153
5774
301
54206
6456
2254
51280
11009
2202
9306
1729
2887
23327
3417
58513
5999
8823
55353
8831
29924
9266
1154
8867
255324
4585
5793
56034
27
11059
151306
4837
5753
6510
11184
55620
2444
9922
10252
59277
4059
50489
4065
80380
52
29881
2819
1944
27237
1364
57644
54443
79778
1152
51778
64236
147968
117178
7225
1308
7171
7168
7827
7170
9124
7169
64423
11346
1496
9223
29119
11155
10612
4008
10519
7840
945
6614
27347
84433
10048
85440
57610
80176
53916
200958
780
718
27128
963
83706
10666
7805
719
713
4018
8875
9267
2159
10288
4485
241
4653
2191
1311
5266
8190
7356
258
404203
3964
5657
286
728
2526
3075
57126
962
9352
10174
10580
84978
4015
9509
5176
50509
9508
26577
60681
10491
1303
2331
632
140766
1307
121340
10020
57172
56288
150084
79679
3249
10653
6692
3321
966
5199
55901
170691
81794
80731
171019
170692
57188
157869
339366
1299
9719
79875
9507
54507
1298
92949
11174
11173
80070
948
221981
56999
81792
5264
4327
57125
9436
1130
7455
60436
90316
4481
51031
328
1406
6342
342510
79865
23601
146722
8744
26133
153090
7188
51752
25999
27035
55312
64112
8496
5009
6697
5740
8536
384
805
814
113451
163688
435
810
10434
2701
8654
445
5592
23564
4524
1910
2745
51806
340481
2628
115677
2643
91860
624
51070
57118
91179
57530
9076
51735
23370
10223
84612
7122
27134
51599
29952
1519
1917
7167
3111
84174
5993
7162
3108
2315
3112
3109
6490
219972
714
9450
22918
710
5806
2350
717
23166
8685
9364
4153
11326
10747
716
64231
720
78989
721
715
5179
10232
10859
3804
339390
3965
2806
3242
137362
4830
6898
2805
259307
11275
6999
54
126014
10513
3028
1071
333
5444
345
55754
54103
642
55697
334
3931
200576
590
320
7941
7345
10098
81832
1191
9546
6440
25825
349667
10307
84894
23237
5725
337
8883
9179
27185
127833
8504
23555
10211
5653
22883
9445
10531
152330
2160
51454
51449
81619
1139
10452
5360
323
9454
3250
321
341
344
346
340348
1469
5275
84146
6439
5068
1208
11343
83758
6947
440387
5406
7177
342898
64714
1370
63036
51032
56925
1359
133308
10296
54737
1975
54994
79018
64795
84926
4289
7328
54707
51646
7469
25852
64777
94241
57532
9513
9470
5317
80315
5093
2915
253314
55201
22916
5813
23369
4076
2918
8087
54413
6125
2334
26135
774
6780
4686
22927
6311
57502
8731
10146
11273
8545
8940
25983
317649
1977
23405
81550
132864
26065
84548
64506
22849
1489
22880
7141
1788
9869
7142
144108
128434
51535
63916
2621
5627
9173
55540
23765
8741
60401
7389
1371
6389
3251
6124
212
5498
7390
2235
23521
211
210
50484
2766
957
203
955
318
288
287
26052
4685
11126
50856
4332
1113
943
924
51046
3802
10763
3822
8911
3821
5125
2734
3959
2529
51696
51266
118788
85480
386653
59307
8787
10125
7334
388531
7335
10539
23523
29775
6915
79092
3192
909
923
913
910
922
1791
1043
29992
27240
8832
27036
10326
3903
29990
27180
653509
51083
2692
4295
5539
117
23368
9111
8626
8795
23017
7159
9474
3476
4689
727
10105
735
729
6687
730
144100
731
732
578
81622
57590
148022
79132
10695
114609
23098
10486
63898
50944
55589
3092
5357
10487
84461
22848
22941
89790
26127
3581
8900
902
898
51588
5798
3643
1442
54014
1523
5111
122809
2120
10379
3601
9063
8835
30837
2690
3624
83729
463
5678
10637
9372
3625
4054
3626
5669
8425
9765
7044
56681
54829
1460
4093
9392
7021
2615
4052
11171
83939
7182
3003
29121
387836
22807
3444
11025
11027
5775
115653
5778
8302
3812
151888
84867
387357
3445
3440
3443
3449
3446
3448
3452
11006
10990
3451
3441
5780
90952
51705
4288
7075
23409
83594
5593
23530
23057
219931
84684
55191
349565
6261
4860
6262
57823
133686
6263
5169
53373
1048
11120
10332
27069
1263
8844
30816
10347
160364
4128
240
246
51497
55801
84818
64806
132014
432
54363
2172
27074
8942
1644
5874
123803
64805
55343
146894
7294
23582
9398
10021
4063
10544
56942
23705
26084
4267
56616
158835
55504
8740
3148
6418
8125
6283
22806
259230
4336
346171
51056
163702
282618
27020
3792
51279
58475
51338
6280
7292
8784
2312
51554
283420
2267
201633
5954
10342
9695
10961
54431
55364
9601
1300
23193
2882
51430
11231
6836
55741
10549
6821
79001
10130
1650
493869
4547
813
51465
5589
7027
54908
29851
1038
116379
53833
29949
5724
11024
23547
79168
353514
325
122769
219623
26228
5800
10750
10076
8777
4157
112476
4756
4940
83483
25939
3669
51447
4600
2537
54739
6041
24138
10410
60489
8519
27246
3429
10581
4586
608
112574
8771
56848
282617
29109
54918
238
3239
2204
5284
115350
23114
8288
2650
56253
79874
9840
55643
53339
8424
50852
200316
9582
55217
11130
117854
54756
10758
162417
84666
4942
6723
10924
4224
6527
23549
2695
10004
5697
5550
7512
2740
5547
10003
8859
1589
55717
8793
10419
1861
8794
7818
944
57379
51567
10875
92935
80328
27189
27190
53342
5919
1485
168400
246100
9443
284194
654346
4608
117157
56919
24145
112752
1973
147945
171389
338321
3428
58155
114769
440068
11202
22900
1654
8672
4671
1982
59082
55655
10628
199713
10572
284266
282616
29106
81693
11005
314
222
217
112483
220074
9380
224
223
2739
219
4129
1621
218
221
6514
2642
23052
27154
8407
149428
641654
9948
7273
4296
6604
57492
6603
100507436
6760
65980
51348
1443
10928
10459
54812
30846
55040
8853
53354
116984
150350
22905
1174
395
56479
29978
162
4646
84251
80115
116985
83988
130162
1123
55707
115548
9685
8218
23149
26762
10068
83992
8664
3646
6142
6206
27241
583
8195
1968
1965
5082
6132
22826
55212
6205
6188
5531
129880
5036
6203
6137
6138
25843
582
6210
10693
1937
5522
51298
6187
6122
6189
6231
29966
150160
8662
6136
80342
6468
6130
6191
6135
29888
5521
6164
9045
6202
6208
6147
6222
6139
55844
6133
154807
6128
6134
6229
9349
10189
92482
6207
10480
166379
6175
6158
6154
6155
6223
6193
123016
10238
4832
9499
29765
171024
27129
2539
9961
9113
11146
7222
11137
7220
475
5427
4292
2956
51426
10155
7014
79728
7515
10714
10721
56852
7013
84464
23514
54386
80198
2072
57804
348654
165918
8243
2139
5889
2138
5893
7516
29086
51750
9126
23626
5429
546
9025
2140
58493
9656
51720
6949
3980
10111
675
5981
7520
144715
146956
22976
5424
5890
6742
6047
2070
3838
7517
197342
5425
23635
3981
25828
10190
90441
2944
50488
9462
9064
5610
10595
54469
1326
84196
4793
5178
10293
92610
11185
3067
196743
3176
79814
501
26
55163
7166
15
7299
5409
6531
6571
125061
121278
4929
438
6818
169355
5053
8836
51251
79077
6419
2671
571
57019
5961
1161
4437
8535
9219
8819
221656
84733
126074
1488
3642
22955
9203
10362
8328
2073
79840
54815
10765
57459
7101
2672
7764
8242
23309
10363
51460
125150
51317
6613
3164
64426
7750
8078
10054
2968
4331
3978
5395
2965
58499
2071
414301
2966
6248
10277
6144
27030
2074
56949
9557
7507
2068
29761
9354
6612
84301
2967
84993
404672
55644
4913
4350
2936
7374
55247
5423
57697
252969
63875
131474
4968
11284
55775
79661
3608
9804
4595
27301
6996
8505
51115
54840
23583
5238
23491
440145
200558
27343
27434
5378
25900
9319
6790
11339
10535
23064
10635
548593
64151
51659
4678
63922
55723
23649
26277
890
745
9941
4085
9833
22974
6240
10036
1163
79915
246243
9212
7298
8208
9400
79075
80119
79008
1033
25788
79711
25913
5557
5980
6832
9937
55165
8438
2021
23234
55143
92667
5422
9232
9055
10785
64785
5965
7884
55872
1663
51203
9401
65057
5558
79968
10664
6749
419
1786
83666
4899
7913
55743
7155
2130
11176
29128
8013
1912
9662
84101
10733
163786
222235
23203
116840
54875
9738
8888
29901
9814
8379
134359
80012
1070
56943
55795
7703
50865
2395
54480
6445
79586
22856
56548
337876
50515
113189
92126
166012
29940
1297
5025
10090
9469
4146
55454
51363
55790
83539
55501
80146
55226
3037
8625
79660
127018
81562
100271849
6480
4969
2530
4958
8531
339451
1805
64102
7252
6344
6343
50674
2864
2922
7434
9340
9789
139760
57105
6750
4825
7200
5122
7433
2865
2520
135
5078
84504
338557
2691
4821
114131
1045
346562
60559
23478
116
2696
90701
2867
28972
1081
30010
9821
79109
64798
253260
60673
9706
55615
11345
23710
64422
6036
664
84557
665
124599
4077
9140
55593
4616
23774
7443
57167
8237
26330
7965
1655
25842
134637
9540
6659
599
9440
23113
10912
91875
6426
11143
9891
8924
58508
9739
1031
8178
7290
54487
23476
1820
6883
79594
10923
23598
5428
6875
150094
1030
4613
133383
147746
23358
5885
6881
6236
29123
8085
1877
84132
83987
10114
26287
8493
3622
54541
79370
27165
3090
10009
5930
26155
387082
1728
5315
23019
25898
84289
144455
51341
5366
754
7490
3418
266740
6839
147923
25946
6201
51616
4602
83860
8805
8445
23650
900
1822
10051
4849
5325
10210
6882
6884
56950
4194
6273
56647
26227
204851
11218
7272
6877
8880
112858
54457
5933
7174
5457
6873
28984
1874
6197
6606
10514
56254
8812
80196
54971
29117
9988
26471
29855
7068
51147
10521
7994
5875
80204
23363
1612
29072
23210
26354
64065
26013
10848
51512
57060
138474
7019
29102
51366
9134
63970
8091
4190
9820
143686
9100
11201
54894
29903
8148
5243
84883
79733
83596
4101
326624
10175
149111
4253
10960
89866
254263
79748
84696
10483
375056
51128
4622
22989
4625
128239
8735
4621
1824
147409
10352
7223
8502
889
51421
9623
25885
84708
388
7795
93210
491
1588
10140
8895
6792
23396
27076
55075
50628
1755
310
4249
50626
2937
2729
1036
9027
79017
4071
2686
2730
1491
124975
79094
148066
8500
8497
145581
8495
78999
146760
8541
84631
114798
11141
22865
8499
94030
10204
84962
1434
2768
1501
333929
4248
8394
11122
3801
5650
7103
2319
51474
1365
4647
23603
54845
6498
9839
6282
57498
4005
6886
84168
1482
2626
9365
51378
23303
643246
23666
3645
2137
9917
7358
8227
25972
347734
4351
2591
51762
79635
64786
5510
26043
80700
80124
165324
9373
7993
55062
55608
57624
83734
26100
89849
55102
23130
55054
25989
8724
57587
29934
25824
7263
57795
51477
6695
22871
51384
10220
80326
6425
6423
7476
27123
7480
7477
10439
6424
6745
23753
125972
51237
80267
1047
339416
284525
79174
441549
87178
280
5184
443
4521
6640
51655
2977
776
8912
5350
493
8913
9722
148
5532
5530
5533
6331
3224
268
92
269
58190
10217
9958
93
6497
10106
245812
57537
2123
2124
64902
493856
7001
6888
2879
257202
2271
84134
55847
5535
2098
2878
2877
654364
4831
23072
5239
18
2880
2876
9217
25897
4482
307
3631
10423
23608
3706
23031
80271
55300
8395
1060
10395
27250
80243
673
1627
83932
58157
260425
27124
9863
79837
8871
22876
23139
3632
55361
56623
3633
253430
23252
5305
5987
6194
138429
22908
8405
3707
51763
8821
283106
8396
51162
80764
1795
80005
10817
399665
84106
80279
338339
51296
2028
5304
6578
79966
7432
953
147664
84735
29107
3843
3839
57510
23534
10055
59343
2733
11260
3840
3842
8498
1104
57337
3619
729857
29843
5902
26054
10482
6585
5801
2049
58480
57648
96626
3987
27294
10870
3805
85451
2587
951
8811
79400
2866
9535
79651
9185
91
9252
11167
10251
55622
89932
50859
158046
57820
1345
765
8483
8785
10216
705
863
2561
10608
1447
2554
2566
11033
4238
11081
1404
93010
10678
9435
8534
79369
10331
4166
23563
9334
8200
55553
6660
8702
8703
7079
10272
6449
4618
4617
4656
4053
124857
117166
252995
4070
3053
1295
118429
161198
2157
4921
1296
53834
8539
4320
7077
55571
29883
26254
57472
114990
7253
3263
168667
144568
26119
55600
1675
145264
5950
8862
3818
23071
5450
1819
55173
60488
65993
10573
64983
51264
51258
51081
64981
51073
64432
55037
116540
65080
64965
28973
29088
11222
64969
28957
124995
51023
9553
54948
54148
28998
64978
51642
78988
65008
10240
64963
64951
51649
90480
116541
64976
6182
51263
51318
84545
55052
6731
54998
92399
122704
26275
51253
79590
219927
29074
65005
64975
51116
64928
55168
118487
51021
64960
54534
64949
51069
51650
9801
64968
6183
128308
91647
57129
56945
115416
63931
64979
10884
23107
29093
28977
54460
6209
5018
84311
254042
23479
1431
670
55862
100529241
5066
6143
11224
51187
9088
6123
6167
1339
116832
6228
140801
6169
6181
5339
51065
6129
6227
6166
6176
6218
200916
6146
6170
6232
4736
114987
51154
387129
6152
6235
6160
729582
9732
6173
1936
6161
388524
6168
285855
1350
51121
6230
2197
476
6141
25873
497661
6234
6204
51319
10412
23173
5106
230
5211
84076
132
5224
5232
5162
2027
4191
5213
204
10625
8277
5223
9562
5230
229
5214
669
132158
7086
441531
51071
9563
51493
466
4841
4670
1665
84324
3181
3187
6421
9782
7073
10492
10236
6607
54502
6427
220988
3609
10772
3183
9987
56624
4880
3049
65082
57724
84062
10938
2348
6891
5514
3823
57617
55850
51594
7064
27072
64601
55823
4329
26022
26276
55681
1393
22873
146057
132320
153241
84902
4867
85302
26005
27031
10806
261734
22995
51134
117177
80184
1992
84957
5318
1828
79188
1823
1825
1041
1804
3854
2125
667
55584
55586
1155
3613
9943
4534
5333
8404
64080
27163
51291
64411
5523
3705
65059
93492
191
6515
5372
64841
5210
9945
3795
11181
6652
5373
132789
83440
2673
5207
8789
5163
10007
144195
9002
260434
57121
10161
1129
2846
4140
10266
113091
5746
7349
9247
1368
3972
84699
7350
63924
7425
1054
27302
64764
148327
653
1388
90993
79885
112399
9049
9669
6493
9915
266743
57491
64067
6492
25994
8453
4861
112398
1545
57761
376497
5244
11010
8800
1581
23179
55904
8239
3992
29841
4862
54600
50486
34
1376
27063
19
7543
2874
6925
2180
26230
23378
3206
23141
8556
22893
51181
79763
51015
29802
5790
3543
84824
7441
931
140453
118430
394263
4584
84620
4588
4589
143662
727897
10071
56667
5174
83648
23600
8484
3060
3350
85569
5173
84432
80333
57628
54941
9927
84166
2000
7706
84282
9830
80143
7105
80149
11074
54476
79671
55669
11274
56829
10045
3431
64108
55008
51191
9246
151636
9986
7318
10561
25820
54809
55601
51320
373856
22980
6637
27238
6733
54097
9716
55696
10081
10291
84844
8175
27339
51639
6626
6431
6629
51691
51690
6627
84950
84811
58517
79171
9410
24148
85437
6636
4236
10907
153527
79753
10915
23524
27258
8233
23450
10465
11338
9092
9416
10713
9129
23020
10992
55110
8241
84316
79446
23451
8899
51634
154007
6633
55954
55015
59286
256536
51362
10286
10285
7737
988
10946
51645
54952
9128
57819
8449
51340
7536
11193
10283
79622
8896
3550
3185
84292
11066
23658
6628
9879
11157
5356
55599
22827
10523
27336
25766
10594
11325
25804
51503
55808
29071
2523
51301
29906
256435
27090
433
30815
6489
9245
10317
2524
56913
81849
374378
26290
11227
51809
2589
153643
55568
57452
117248
2590
79695
114805
50614
63917
442117
8693
11226
168391
192134
56975
729238
1983
8106
4848
10289
57696
27335
2872
54505
8666
80336
8669
23293
8886
440275
54464
7458
9775
8893
5042
10605
8637
1662
10044
80153
1974
8663
23367
55544
26019
23381
64794
8761
1979
8894
65110
1964
728689
255967
51247
51142
56478
25904
9924
10209
246175
9887
8667
9337
85456
4850
9802
57409
51386
140862
50506
50508
53905
10811
124056
84958
23030
440
63976
10221
1879
80142
22809
9757
79068
6196
6195
4261
136647
7301
8720
9900
9899
22987
57464
55917
55286
60485
10494
9990
85369
11235
55233
8801
25836
79685
2186
57649
5926
79595
25855
29115
6830
196528
55274
9031
8193
11177
257218
9274
55193
9275
605
8110
29989
3835
347
7461
6623
253982
57560
257106
57175
90410
8479
8448
79153
253943
11164
9936
126364
339221
140775
64343
81501
799
55366
64781
81537
79603
29956
204219
125981
123099
7368
130367
8560
91012
340485
4143
8879
253782
166929
55627
55331
9524
79444
23604
22985
55081
118
26060
2339
1677
9748
9397
2620
112401
6788
1327
4836
653145
997
7763
3004
149951
84231
246330
57162
81030
11240
135644
29127
7726
23085
4294
57551
663
5585
51347
4293
1002
57161
91662
8682
4925
10869
135228
10641
904
91624
6590
54664
64066
4325
64386
431705
529
55486
10456
4976
27316
51079
645
8452
79626
23304
10134
10059
8996
162989
9994
55773
284656
3068
2797
2796
5140
389840
117145
4515
100132074
57706
9882
4824
7862
51256
163486
5837
5836
5834
178
277
2632
162466
8987
5507
2998
5506
7360
2992
5501
378884
23178
7957
5509
8908
5500
286133
2046
22800
5924
22808
9743
81848
79930
221002
166968
115727
345193
22899
55974
5914
91768
81928
5495
9543
8470
4439
84287
25937
79019
4605
4833
26271
23397
129607
9700
8382
122481
83540
113130
79682
57405
10592
1633
60677
29028
11189
125950
158067
7083
956
1841
79801
55320
55215
10615
2305
26289
9824
84284
2987
4751
29089
9928
29922
377841
51727
1164
6941
26586
50808
1894
55839
3070
374659
205
899
54892
3833
1719
55635
10201
83461
146909
89839
23516
22846
6903
54959
3848
3858
3868
3849
7080
3853
3850
54474
354
4681
6694
10841
8858
5343
3698
84647
33
35
55902
47
23205
8540
1737
10449
219743
5192
5194
8309
28976
1384
84532
3032
1743
8310
5195
5828
8443
1892
36
1629
64064
3155
5095
8803
10455
3030
8802
54511
441150
5096
37
79611
81616
3033
197322
109703458
5193
8994
10248
54913
51367
113802
3692
10799
10940
10556
79897
11102
55342
10978
9939
10775
10557
10005
26063
1891
1610
10965
570
2230
10998
55825
11001
283927
83752
51268
122970
26061
8528
51167
5825
4358
390916
80724
54677
2232
373156
51179
51171
104
83636
3670
4488
130399
6926
57045
64321
6910
64388
4487
84922
171023
54790
54345
5629
147372
23768
57124
81608
9213
90525
9068
2888
23452
27324
5438
83888
5433
5439
5436
5441
143282
2963
5440
257194
5431
5437
10610
51146
374907
79623
146712
10164
84752
140687
23169
11046
283358
124872
10690
2525
2528
338707
6677
8707
2592
2651
8708
8706
7784
728642
146664
2527
2582
3241
7499
29090
26517
150274
9512
56922
10845
51025
10730
587
51218
134266
200205
10440
4817
9446
1678
51260
100652748
29103
131118
10245
8991
8833
57128
586
92609
122961
100287932
56993
22
54927
203069
21
79145
84269
90639
51287
84677
169714
388753
5768
100272147
26520
171017
10195
400916
26521
80341
140683
128859
10952
23438
1352
8614
9381
3052
1528
118424
644
23480
27230
51314
84817
96764
84203
51734
5832
22929
140809
114112
85441
22928
493861
80205
4713
4695
64800
4722
4723
23400
4729
55967
4697
4725
4702
56954
5831
4698
4700
27252
8216
7126
83892
56052
57192
57563
339745
10324
131377
26249
84861
64410
55975
55958
59349
25956
29929
553115
9903
57542
79734
54800
84541
57048
90293
253980
23593
8139
8507
5394
55284
51428
2954
2946
2949
2947
1562
653689
1553
1572
9536
119391
5742
4259
2948
2941
221357
1557
8644
4257
1571
2052
4258
93408
58498
54538
29895
9181
4636
72
140465
1749
6909
9867
64219
30844
6014
6016
25920
23263
56654
5607
55816
6993
1268
26050
5873
57468
5024
1103
2036
391
55179
55859
6336
5923
5046
398
3236
4956
114793
29941
94274
91010
9138
3985
50650
10276
5586
11113
4660
79932
399
10436
1397
23595
1908
2661
5000
57522
23032
9355
80728
23767
9856
51473
9901
51466
23380
3199
89884
8022
8861
4335
83746
26959
55654
4084
10138
4601
9913
84108
8464
4610
83463
2169
80755
2644
873
248
5092
8073
5794
250
1815
6530
421
7365
7364
7363
255239
7367
54490
80832
7366
54575
1813
2913
54657
54577
1814
1812
80830
10720
4988
54659
3356
574537
2862
2693
10874
2863
4828
4887
4886
5540
4889
2798
5626
5449
10268
10267
8989
51393
79924
10203
797
771
761
763
377677
23632
1591
8671
29925
79829
4123
641371
8939
5091
9278
2677
51156
3026
2165
7980
5126
2153
79087
27344
6447
7857
5799
1738
9517
4967
55821
10993
10558
64577
275
3081
2653
6472
63826
84706
112817
1757
81888
27232
2731
5723
55304
113675
547
3488
56938
28983
9575
7050
53353
406
727936
283464
27032
5274
125336
55239
8621
7023
1871
905
10309
6670
1870
219771
63943
5218
6624
162239
1875
51755
25792
4710
7384
1337
374291
4709
1340
4705
4711
51103
55572
4704
7385
4716
54539
4715
4718
91942
4724
4714
4701
7386
2820
7388
4728
1537
4707
29796
4731
6391
4720
1347
4694
84701
27089
4712
126328
4719
4696
4708
7381
4717
10975
125965
440567
140564
5250
1346
493753
51660
27350
140823
6390
6392
9167
3420
200315
1349
51300
84987
51061
55176
10954
7095
3069
64374
1124
196463
257019
79041
27295
4632
7125
6345
4703
91039
11253
84618
30833
83743
51388
271
92856
136
84294
60487
55299
22978
55153
93034
23560
134
140
57109
11142
29889
3704
105
4839
56953
272
23160
115024
51068
23223
23246
57418
158
6561
57787
114790
23235
2118
23387
26086
55748
51022
246744
81035
196500
54700
55290
54623
6827
51003
55703
84337
4298
84246
9441
9330
80349
9412
51728
56339
123169
81488
55718
51082
9282
55272
10623
6919
171568
2961
2975
9589
9646
79577
84265
8732
4774
9328
9329
11128
9533
58490
7936
10621
64425
4300
4781
57721
23168
27297
2958
7702
4784
661
10622
6920
6917
51184
84172
2972
6829
10001
548644
9150
80168
5330
9595
89869
55326
1040
129642
5337
51196
5332
4676
8513
25780
84812
116255
8760
5331
4082
113026
8694
80339
346606
80306
29079
9388
9663
64788
51586
9477
55090
23389
112950
9442
400569
90390
3990
2194
55588
10025
81857
219541
10011
2182
9967
51703
2181
9439
23097
119548
64900
9968
23305
9862
9969
8204
23175
5407
84498
338328
6837
50487
84649
81579
391013
10162
79888
283748
151056
8398
64600
26279
5322
30814
56261
255189
375775
100137049
10908
8605
23659
2166
747
221955
55750
2712
10327
1269
158584
26090
9290
2710
222236
63874
57406
57552
9798
6683
114897
10422
27292
51575
55131
51096
11103
23307
10199
88745
56342
57050
54606
55813
56902
28987
29777
55781
84365
55720
10885
4234
65095
27341
23212
54552
23076
23481
55319
84549
64216
51018
84946
22984
80135
64318
6838
9790
9277
55003
79954
84310
23029
117246
84154
8602
10969
84319
8568
6159
54663
26156
11056
57062
55661
27102
122665
6050
83595
253827
22921
23464
94137
9244
3040
6521
10661
2038
3039
3047
3042
1727
2623
3046
3048
3045
2994
671
1669
1109
56155
125058
55159
80256
9587
55729
389170
5376
4633
54776
80335
57718
1760
151987
84919
8036
28227
91807
9989
255919
219537
1613
23399
9878
644168
10330
5997
150
6001
221178
201191
9518
9040
2014
222663
5502
642489
10231
11123
4776
116844
64093
148811
64240
64241
91464
9619
3293
5004
6291
319
5005
7376
51297
6257
7918
254531
5051
123745
5049
5050
706
140739
5446
29116
9159
3623
64377
3973
114335
93659
9095
2570
25801
94115
2569
2488
94027
728226
25870
6820
6819
25830
113612
1733
260293
6799
1734
7009
51100
65220
54981
23475
93100
64084
417
11341
694
3397
129138
8079
25884
63979
114757
4159
9607
4160
51094
79602
3814
6462
723961
946
566
4829
7373
3817
8434
55333
6911
56952
4522
123263
471
29958
160428
10588
5471
4552
10840
635
4548
2356
29968
2618
10797
441024
10606
25902
11112
593
594
64087
549
2110
8050
25796
55066
5161
54714
160760
5160
51601
27247
152926
22998
83715
3697
6906
9573
55211
3170
26137
7104
2170
9971
151887
1053
3483
157769
128637
64149
7051
6699
126638
3713
128488
23581
53349
5267
7062
170679
353134
6707
353144
353131
353143
6706
6701
6698
26239
84648
353145
6700
54535
448835
353133
4330
58492
55683
49860
10999
201294
306
9942
51011
92483
81889
2184
55313
3029
7378
11186
137872
339896
51733
57571
994
64005
115761
254394
23137
84930
494551
79677
5892
23492
79648
8555
85417
375686
166979
25847
56955
1725
64328
56648
83475
54187
80896
152006
6675
10559
91373
55577
151393
132851
53343
160777
23430
51200
64499
51380
2746
4056
2744
2747
401190
6000
51060
8659
1800
8786
9628
64174
26873
160287
54884
339761
9227
8228
1960
4097
9938
54935
222255
51231
54332
4741
5630
89953
23095
2893
4900
4744
147700
81493
64283
369
10256
22866
283455
5217
10881
26136
80004
4026
1264
1265
11344
84193
25802
4624
6876
10237
6747
6746
200933
338872
23426
375189
345456
10562
6939
9828
344561
55591
84312
55526
64092
23498
130013
8564
123920
51166
11018
479
55846
84317
79726
495
535
10312
245973
127124
201163
9114
147007
84219
534
90423
50617
728294
527
23545
11133
54468
27068
51606
537
9550
92270
54557
528
9681
23677
155066
533
440400
23334
8131
149830
203547
29085
80763
10939
7284
9361
50945
1594
6569
5251
846
142680
10493
126353
8547
54084
10584
2219
23676
29899
286262
388551
725
161882
55170
23067
10893
4838
136227
91522
84570
84467
79148
56649
6098
1652
10148
23529
246778
133396
51310
247
10153
8544
54741
6284
149986
196513
219988
129563
84967
23644
6499
22803
197135
124801
55802
64081
22913
3189
11052
202559
4154
201161
11051
10432
10949
6432
3836
10656
10336
56259
9444
26097
4116
3188
6428
5935
1653
399664
5936
92906
7555
23543
6434
494115
2079
1153
6294
284307
80155
142940
55006
55854
9406
115708
30836
51574
140836
8986
112802
340419
6555
200931
1582
51225
3382
1961
131408
9421
128506
2303
64100
9464
56994
239
10400
9415
284161
242
51661
4051
22925
255043
10390
638
8739
10017
666
90427
23241
411
4048
1573
50640
5967
10101
4682
654483
552900
388962
51027
27158
9054
81689
64210
9391
11019
94033
81894
4285
51312
60678
215
9409
84749
8562
56947
225
5827
89941
54471
55670
84896
55288
5824
8799
125170
91452
11264
10478
256471
80169
2055
686
55809
11162
150572
6726
6730
58477
6728
6729
2218
8082
6442
155465
54221
79147
84197
6645
6444
84892
133584
60560
148789
54344
6443
137868
1821
6641
1838
9378
8910
346007
54851
1837
2926
10200
9238
55149
51110
5511
54931
115752
54059
10438
196441
23553
3425
3373
8372
728378
8692
389434
53
1716
7084
11232
3423
285362
10056
153642
22901
412
79642
340075
416
347527
414
23551
79949
4064
9865
646480
10565
2063
81605
81544
89122
84299
2189
54555
5496
1478
2935
64111
10888
8620
6751
4161
5021
5367
6752
3351
2550
140679
57084
7849
766
221833
56302
795
734
23039
326
23770
10389
4069
140738
348801
79841
6051
29920
9946
254251
5862
10749
23258
9230
23339
1121
157680
1122
92344
23637
2665
7110
2664
79152
2531
10
162979
9
124446
4016
4477
10922
9908
23034
1777
27141
375033
85359
80018
10668
27314
79890
8572
53904
245802
644815
55063
23109
4640
56940
8846
441282
23743
91369
4144
23382
1789
10768
79078
151531
623
401138
265
286077
10117
256764
1747
123041
43849
51119
54888
54069
205564
84295
9188
387103
10360
10361
4673
1241
6927
197257
4200
387712
9583
4337
221264
3948
10873
5537
22870
9701
11214
56344
51475
6010
9478
6518
1811
65010
64793
55118
152185
6795
9918
55755
22934
150921
6120
5631
5634
221823
10800
51130
56895
84830
80152
26258
55330
388552
402
6902
26472
6904
219899
6905
6102
23357
196294
3767
83943
11331
56265
9770
343637
8549
59352
84133
668
10887
92747
619373
1395
5733
90226
5368
4158
553
117579
8635
387849
22906
23355
26994
90417
3746
6529
26468
25891
4502
26040
56255
283871
8514
2639
51102
6319
3270
27284
9970
3283
1586
9060
3284
293
6473
83692
2986
3000
2984
4882
4881
1503
56474
53827
3750
3752
3739
3751
7699
30820
30819
11342
3177
55315
2030
4759
10825
3208
9514
496
51148
5464
8224
56547
6854
60506
4256
55745
5480
64094
10462
79971
1635
3182
6496
80025
11152
80067
4010
27010
270
197335
131870
23544
366
85409
4435
117156
79029
256394
1158
7139
1160
11211
64840
8326
50999
7976
6259
83999
79412
10102
23394
389207
5222
255520
143570
51451
80347
8557
8529
6718
1593
79644
6715
1646
6716
374875
1632
11129
10982
9569
23122
83417
83416
79368
93183
5865
5277
79003
27120
1240
55658
1192
7916
5957
7287
611
6121
284355
3614
58473
23418
23746
6314
84839
4901
10002
29124
5553
1178
131566
7547
5308
8928
283130
22864
144125
5671
5672
3615
139596
978
4147
128821
140880
490
10430
57003
22898
23420
219793
283820
54499
6528
90527
9153
405753
1836
51389
6768
64073
43847
84000
84628
1990
5445
11333
1826
4669
6448
5002
57713
91833
57596
1735
388015
7134
7111
7140
51086
4635
7135
7136
4634
4604
8048
4607
7138
196383
114770
57645
115704
1378
4061
1797
3426
387715
134147
3094
4985
133522
116931
364
729359
1149
26580
4733
201965
200504
9687
84171
84695
85301
255631
4017
5937
6748
80329
10225
79037
79465
92211
9172
8526
629
2646
63929
55841
170589
7201
80157
8808
5789
117289
4126
338376
50604
3467
3447
56832
5153
11034
27115
5151
5142
5138
5143
5139
4507
5141
5137
5150
5136
10846
153443
10599
55270
6573
1565
1806
7498
56833
79823
54620
55209
79605
6310
51729
10421
5454
54880
4250
4246
3933
92304
23200
2302
22954
9733
27125
124790
56257
4299
9976
23215
136371
4935
83857
55109
2635
64761
94240
10346
253012
11199
7570
253558
9926
54675
9791
199699
2649
64167
11083
54554
84332
143241
80853
30827
9836
4277
374383
91937
7439
9896
54414
26503
7942
10591
340024
116512
375757
6564
187
6512
57505
79587
10667
2193
51067
80222
25973
57470
23395
54938
134492
79646
79877
79717
55229
84304
200035
11163
25961
56985
256281
133619
11165
79873
338785
84525
1618
346673
375611
92140
339345
862
30008
4239
7047
221476
10321
692094
140459
9455
23274
83608
552
554
56896
1996
1993
1584
1645
64220
5949
50700
2779
64146
9645
10160
4884
23467
150472
285555
5910
55871
57611
54963
85414
83549
25948
11328
7306
7781
7782
10463
29985
29986
55334
55532
7779
27173
148867
7780
55676
64924
169026
201266
64116
64096
389400
5076
8030
8031
1671
1670
5968
28960
22875
131669
7539
27304
23474
4357
100131187
348180
90353
6992
845
9472
10345
30818
53942
5918
283209
84105
113235
5467
607
11054
285590
60672
123606
81614
114791
91404
51292
28999
8460
8459
23023
167410
6579
54955
26027
56961
54883
124460
84966
5129
84651
25818
643394
4883
55293
143903
4222
51692
3754
64420
2352
27166
132001
8876
84918
84955
80263
6769
11318
8997
9182
27433
1534
390259
2657
137814
53938
3078
6407
6406
149708
11017
9584
84547
55692
55147
1196
6429
1198
55082
51747
10921
10929
10481
8714
123264
28969
23161
25803
11118
10384
11119
23126
55677
84656
55536
340205
338773
23646
9271
56165
8468
54456
136991
143689
201164
440822
54932
221400
56164
55124
84944
126668
154197
122402
91646
54514
1207
121355
3399
51283
23042
57152
130576
56287
59340
83394
6846
84747
115557
146
4025
1446
151449
85378
27175
7283
27229
10426
80097
115106
653784
51174
282991
54801
55835
10844
121441
9684
6835
2619
8643
84890
23012
57447
408187
25778
7739
55837
29063
767
79665
9860
57488
118987
54769
317671
92799
728712
30014
55636
55830
4580
56244
85365
10218
348938
10804
2706
10052
10343
117144
284359
199720
100129669
266727
7204
10913
27111
2330
653519
51463
51205
26073
653583
3508
84187
3034
169693
1131
8601
6869
6002
26575
64407
6004
23154
5998
431704
8490
6003
25914
9580
55125
60558
60626
6011
8618
83698
10526
63891
157922
83998
343263
80308
402665
23092
10687
84107
10677
5306
55311
84929
114876
79659
83871
3299
81577
51133
3785
93986
8291
57633
285335
10464
10261
253935
128346
313
2627
81796
59342
375035
201626
389668
6327
6328
6323
6330
342035
6334
6326
3786
55800
6324
10243
90113
9785
10569
7286
7975
23764
64839
388364
79849
2981
60482
27159
66005
60676
79812
7289
387338
130916
55728
4124
11320
4247
84750
11282
170384
2762
4245
152586
4122
23316
80228
6786
84876
51201
56884
23406
119
1396
7224
6397
1842
58478
767558
11280
5067
51293
339665
339291
149499
64766
127247
284615
9854
9379
9369
64850
1120
5833
170463
64843
23648
1620
9228
80332
51131
55576
5165
64180
53822
53826
53828
10753
26154
84189
2512
170591
116843
6570
160728
10447
51043
51232
4355
1775
151050
203190
163175
55203
54461
56241
81559
285888
22839
64921
729515
360023
387837
6006
150165
402415
7504
116372
55764
64753
128387
29914
51151
128178
283652
5083
83937
166824
122786
26524
92597
7003
283349
54890
143941
55515
221223
10103
6337
8000
8435
23589
6039
252884
54753
646627
1016
84623
79867
9657
773
155038
57555
1470
55206
23627
92241
202374
140576
26032
260436
89886
57549
203859
196527
51374
84700
149018
126637
5955
2774
64770
3996
9074
389763
4664
284439
79770
57864
55335
285782
8463
25987
145501
387695
55108
168002
81545
157695
79683
64222
83468
81706
85457
83605
284340
254428
8934
64710
10786
55103
9966
57402
11085
646424
680
89887
55227
84898
79442
1955
1310
9637
25975
64927
10669
2859
55238
